       clusters_total  hidepth_min clusters_hidepth avg_depth_total avg_depth_mj avg_depth_stat sd_depth_total sd_depth_mj sd_depth_stat filtered_bad_align
Mol01          492513            1           492513            4.07         4.07          11.56          20.48       20.48         44.27               5604
Mol02          424761            1           424761            4.06         4.06          11.24          16.15       16.15         34.30               4128
Mol03          498533            1           498533            4.71         4.71          10.75          16.54       16.54         30.37              12211
Mol04          489197            1           489197            4.43         4.43          10.98          19.23       19.23         37.76               6925
Mol05          442024            1           442024            3.45         3.45          10.57          12.67       12.67         30.81               2886
PipFe1          43729            1            43729            1.14         1.14          19.17           1.75        1.75         22.28                  0
PipFe2          39337            1            39337            1.12         1.12          17.37           1.86        1.86         25.33                  0
PipFe3          30172            1            30172            1.13         1.13          19.06           1.90        1.90         22.93                  0
PipFe4          29257            1            29257            1.19         1.19          17.56           2.11        2.11         20.72                  0
PipFe5            678            1              678            1.04         1.04          12.00           0.46        0.46          0.00                  0
PipFe6           8427            1             8427            1.11         1.11          14.50           1.41        1.41         13.77                  0
PipMa1          36141            1            36141            1.13         1.13          15.88           1.41        1.41         16.16                  0
PipMa2          26792            1            26792            1.14         1.14          19.02           2.29        2.29         27.54               1048
PipMa3          65259            1            65259            1.18         1.18          18.50           1.99        1.99         24.98                  0
PipMa4          47688            1            47688            1.13         1.13          16.63           1.60        1.60         21.64                  0
PipMa5          47415            1            47415            1.16         1.16          19.44           2.26        2.26         30.06                  0
PipMa6          52654            1            52654            1.15         1.15          18.55           1.77        1.77         21.34                  0